# of Vertices=10
0,1,0,0,1,1,0,0,0,0
1,0,1,0,0,0,1,0,0,0
0,1,0,1,0,0,0,1,0,0
0,0,1,0,1,0,0,0,1,0
1,0,0,1,0,0,0,0,0,1
1,0,0,0,0,0,0,1,1,0
0,1,0,0,0,0,0,0,1,1
0,0,1,0,0,1,0,0,0,1
0,0,0,1,0,1,1,0,0,0
0,0,0,0,1,0,1,1,0,0
# of Vertices=15
0,0,1,1,1,1,0,0,0,0,1,1,1,0,1
0,0,1,0,1,0,0,0,0,1,1,0,0,0,1
0,1,0,1,1,0,0,0,1,0,1,1,0,1,0
0,1,1,0,1,0,1,1,1,0,0,1,0,1,0
0,1,0,1,0,1,0,1,0,1,1,1,1,1,1
0,0,1,0,0,0,1,0,0,1,0,1,0,0,1
0,1,1,0,1,1,0,1,0,0,1,0,0,0,0
0,0,0,0,0,0,0,0,0,0,0,1,0,1,0
0,0,0,0,0,0,0,1,0,0,0,0,0,0,1
0,0,1,1,1,0,0,1,1,0,0,1,0,0,1
0,1,0,1,1,0,1,0,1,1,0,0,0,1,1
0,1,0,0,0,1,0,0,0,0,0,0,0,0,0
0,0,0,0,0,0,0,0,0,1,0,0,0,0,0
0,0,0,1,0,0,0,0,0,0,1,0,0,0,0
0,1,1,1,1,1,0,1,0,0,0,1,1,1,0
# of Vertices=20
0,1,0,0,1,1,0,0,0,0,0,0,0,1,0,1,1,0,0,0
1,0,1,0,0,0,1,0,0,0,0,1,0,0,0,0,0,0,1,1
0,1,0,1,0,0,0,1,0,0,0,0,0,1,0,1,1,0,0,0
0,0,1,0,1,0,0,0,1,0,1,0,0,0,0,0,0,1,0,1
1,0,0,1,0,0,0,0,0,1,0,0,0,0,1,0,1,1,0,0
1,0,0,0,0,0,0,1,1,0,1,0,1,0,0,0,1,0,0,0
0,1,0,0,0,0,0,0,1,1,0,1,0,0,1,1,0,0,0,0
0,0,1,0,0,1,0,0,0,1,0,0,1,0,1,0,0,0,1,0
0,0,0,1,0,1,1,0,0,0,0,0,0,0,1,0,1,1,0,0
0,0,0,0,1,0,1,1,0,0,0,1,0,0,1,1,0,0,0,0
0,1,0,0,1,1,0,0,0,0,0,0,0,1,0,1,1,0,0,0
1,0,1,0,0,0,1,0,0,0,0,0,0,0,0,0,0,0,1,1
0,1,0,1,0,0,0,1,0,0,0,0,0,1,0,1,1,0,0,0
0,0,1,0,1,0,0,0,1,0,1,0,0,0,0,0,0,1,0,1
1,0,0,1,0,0,0,0,0,1,0,0,0,0,0,0,1,1,0,0
1,0,0,0,0,0,0,1,1,0,1,0,1,0,0,0,1,0,0,0
0,1,0,0,0,0,0,0,1,1,0,1,0,0,1,1,0,0,0,0
0,0,1,0,0,1,0,0,0,1,0,0,1,0,1,0,0,0,1,0
0,0,0,1,0,1,1,0,0,0,0,0,0,0,1,0,1,1,0,0
0,0,0,0,1,0,1,1,0,0,0,1,0,0,1,1,0,0,0,0